#!/bin/bash
# By: Anonymous Zpt
# Ofuscador De Anonymous Zpt
# Github: https://github.com/Anonymous-Zpt
# Youtube: http://www.youtube.com/c/AnonymousZpt
Anonymous_Zpt=$(mktemp)
basenc --base2msbf -d  >${Anonymous_Zpt}<<DIXIE
0010001100100001001011110110001001101001011011100010111101100010011000010111
0011011010000000101001100111001111010010001000100100011110110110001001111101
0101110000110000001100110011001101011011001100010011101100110011001100000110
1101001000100000101001100010001111010010001001011100001100000011001100110011
0101101100110000011011010010001000001010011000100011000100111101001000100010
0100011000100101110000110000001100110011001101011011001100010011101100110011
0011011101101101001000100000101001110010001111010010001000100100011110110110
0010011111010101110000110000001100110011001101011011001100010011101100110011
0011000101101101001000100000101001110010001100010011110100100010001001000111
1011011000100111110101011100001100000011001100110011010110110011001100110001
0110110100100010000010100100000100111101001000100010010001111011011000100111
1101010111000011000000110011001100110101101100110001001110110011001100110100
0110110100100010000010100100000100110001001111010010001000100100011110110110
0010011111010101110000110000001100110011001101011011001100110011010001101101
0010001000001010011000010110001100111101001000100010010001111011011000100111
1101010111000110010101011011001100010011101100110011001101100110110100100010
0000101001100001011000110011000100111101001000100010010001111011011000100111
1101010111000110010101011011001100110011011001101101001000100000101001110110
0011110100100010001001000111101101100010011111010101110000110000001100110011
0011010110110011000100111011001100110011001001101101001000100000101001110110
0011000100111101001000100010010001111011011000100111110101011100001100000011
0011001100110101101100110011001100100110110100100010000010100110110100111101
0010001000100100011000100101110000110000001100110011001101011011001100010011
1011001100110011010101101101001000100000101001101101001100010011110100100010
0010010001100010010111000011000000110011001100110101101100110011001101010110
1101001000100000101001100001001111010010001000100100011000100101110000110000
0011001100110011010110110011000100111011001100110011001101101101001000100000
1010011000010011000100111101001000100010010001100010010111000011000000110011
0011001101011011001100110011001101101101001000100000101001100011011110010011
1101001000100010010001100010010111000011000000110011001100110101101100110011
0011100000111011001100100011101100110010001100110011101100110001001101000011
0111001110110011001000110000001110010110110100100010000010100111010001110010
0110000101110000001000000110000101100100011010010110111101110011001000000100
1001010011100101010000001010011000010110010001101001011011110111001100101000
0010100100100000011110110000101001101001011001100010000001011011001000000010
1101011001010010000000101110010110100111000001110100001100010010000001011101
0011101100100000011101000110100001100101011011100000101001110010011011010010
0000001011100101101001110000011101000011000100001010011001100110100100001010
0110100101100110001000000101101100100000001011010110010100100000001011100101
1010011100000111010000110010001000000101110100111011001000000111010001101000
0110010101101110000010100111001001101101001000000010111001011010011100000111
0100001100100000101001100110011010010000101001100101011110000110100101110100
0000101001111101000010100110100101100110001000000101101100100000001011010110
0101001000000010111001011010011100000111010000110001001000000101110100111011
0010000001110100011010000110010101101110001000000010000000100000001000000010
0000001000000010000000100000001000000010000000100000001000000010000000100000
0010000000100000001000000010000000100000001000000010000000100000001000000010
0000001000000010000000100000001000000010000000100000001000000010000000100000
0010000000100000001000000010000000100000001000000010000000100000001000000010
0000001000000010000000100000001000000010000000100000001000000010000000100000
0010000000100000001000000010000000100000001000000010000000100000001000000010
0000001000000010000000100000001000000010000000001010011100100110110100100000
0010111001011010011100000111010000110001000010100110011001101001000010100110
1001011001100010000001011011001000000010110101100101001000000010111001011010
0111000001110100001100100010000001011101001110110010000001110100011010000110
0101011011100000101001110010011011010010000000101110010110100111000001110100
0011001000001010011001100110100100001010011000100110000101101110011011100110
0101011100100010100000101001001000000111101100001010011011010110101101100100
0110100101110010001000000010111001101110011001010110111100001010011000110110
0001011101000010000000111110001000000010111001101110011001010110111100101111
0011000100100000001111000011110000101101001000000100010101001111010011010000
1010011001010110001101101000011011110010000000101101011001010010000000100111
0101110000110000001100110011001101011011001100010011101100110011001100100110
1101000010100010000000100000010111110101111101011111001000000101111101011111
0101111100100000001000000010000000100000001000000010000000100000001000000010
0000001000000101111101011111001000000010000000100000010111110101111101011111
0101111101011111010111110101111100001010001000000111110000100000001000000010
0000010110010010000000100000001000000111110000100000001011100010110100101101
0010110100101101001011100010000001111100001000000010000001111100001000000111
1100001000000010000000100000010111110010000000100000001000000111110000100000
0010111000101101001011010010110100101101001011100010000000101110001011010010
1101001011010010111000101101001011100010000000101110001011010010110100101101
0010110100101101001011100010000000101110001011010010110100101101001011010010
1101001011100010000000101110001011010010110100101101001011010010110100101110
0010000000101110001011010010110100101101001011010010111000001010001000000111
1100001011100010000000100000011111000010000000100000001000000111110000100000
0111110000100000001000000010000001011111011111000010000001111100001000000010
0000011111000010000001111100001000000010000000100000001100010101111101011111
0101111101111100001000000111110000100000001000000101111101011111011111000010
0000011111000010000000100000010111110010000000100000011111000010000001111100
0010000000100000001000000010000000100000011111000010000001111100001000000010
0000001000000010000000100000011111000010000001111100001000000010000000101101
0101111101011111011111000010000001111100001000000010000000100000010111110111
1100000010100010000001111100001011100010000000100000011111000010000000100000
0010000001111100001000000111110001011111010111110111110000100000001000000010
0000011111000101111101011111011111000010000001111100010111110101111101011111
0101111100100000001000000010000001111100001000000111110001011111010111110101
1111010111110111110000100000011111000101111101011111010111110010111001011111
0111110000100000011111000101111101011111011111000101111101011111011111000010
0000011111000101111101011111011111000101111101011111011111000010000001111100
0101111101011111010111110101111101011111011111000010000001111100010111110101
1111011111000000101000100000011111000011101000100000001000000011000100100000
0010000000100000011111000010000000100000001000000010000000100000001000000010
0000001000000010000000100000001000000010000000100000011111000011101000100000
0010000000110001001000000010000000100000011111000000101000100000011111000011
1010001110100010111000101110001000000010111000100000011111000010000000100000
0010000000100000001000000010000000100000001000000010000000100000001000000010
0000001000000111110000111010001110100010111000101110001000000010111000100000
0111110000001010001000000111110001011111010111110101111101011111010111110101
1111010111110111110000100000001000000010000000100000001000000010000000100000
0010000000100000001000000010000000100000001000000111110001011111010111110101
1111010111110101111101011111010111110111110000001010010111000011000000110011
0011001101011011001100000110110100100111000010100111001101101100011001010110
0101011100000010000000110001000010100111000001110010011010010110111001110100
0110011000100000001000100010010001000001010110110010010001100010001100010010
1011001001000100000101011101001001000111101101100010001100010111110100100000
0100001101110010011001010110000101100100011011110111001000111010001001000110
0001110000101010000011000010101000001100001010100000110000101010000000100000
0100000101101110011011110110111001111001011011010110111101110101011100110010
0000010110100111000001110100010111000110111000100010000010100111000001110010
0110100101101110011101000110011000100000001000100010010001000001010110110010
0100011000100011000100101011001001000100000101011101001001000111101101100010
0011000101111101001000000100100001100101011100100111001001100001011011010110
1001011001010110111001110100011000010011101000100100011000010010000001010101
0111001001101100010100110110001101100001011011100110111001100101011100100101
1100011011100010001000001010011100000111001001101001011011100111010001100110
0010000000100010001001000100000101011011001001000110001000110001001010110010
0100010000010101110100100100011110110110001000110001011111010010000001000111
0110100101110100010010000111010101100010001110100010010001100001110000101010
0000110000101010000011000010101000001100001010100000110000101010000000100000
0110100001110100011101000111000001110011001110100010111100101111011001110110
1001011101000110100001110101011000100010111001100011011011110110110100101111
0100000101101110011011110110111001111001011011010110111101110101011100110010
1101010110100111000001110100010111000110111000100010000010100111000001110010
0110100101101110011101000110011000100000001000100010010001000001010110110010
0100011000100011000100101011001001000100000101011101001001000111101101100010
0011000101111101001000000101100101101111011101010101010001110101011000100110
0101001110100010010001100001110000101010000011000010101000001100001010100000
1100001010100000001000000110100001110100011101000111000000111010001011110010
1111011101110111011101110111001011100111100101101111011101010111010001110101
0110001001100101001011100110001101101111011011010010111101100011001011110100
0001011011100110111101101110011110010110110101101111011101010111001101011010
0111000001110100001001000110001001011100011011100010001000001010011100000111
0010011010010110111001110100011001100010000000100010001001000100000101011011
0010010001100010001100010010101100100100010000010101110100100100011000100011
0001001000000100000101100011011000110110100101101111011011100011101000100100
0110000100100000001000000010000000100000001000000010000001001001011011100110
0111011100100110010101110011011000010111001000100000010011000110000100100000
0101010101110010011011000010000001000001011000110110111101110010011101000110
0001011001000110000100100100011000100101110001101110001000100000101001000101
0100111101001101000010100110001101100001011101000010000000111110001000000010
1110011011100110010101101111001011110011001000100000001111000011110000101101
0010000001000101010011110100110100001010011001010110001101101000011011110010
0000001011010110010100100000001001110101110000110000001100110011001101011011
0011000100111011001100110011001001101101000010100010000001011111011111000010
0000001000000010000000100000010111110111110000100000001000000010000000100000
0010000000100000001000000010000000100000001000000010000000100000001000000010
0000010111110111110000100000001000000010000000100000001000000101111101111100
0101111101111100010111110111110000100000001000000010000000100000001000000010
0000001000000010000000100000001000000010000000100000001000000010000000100000
0010000000100000001000000010000000100000001000000010000000100000001000000010
0000001000000010000000100000001000000010000000100000001000000010000000100000
0010000000100000001000000010000000100000001000000010000000100000001000000010
0000001000000010000000100000001000000010000000100000001000000010000000100000
0010000000100000001000000010000000100000001000000010000000100000001000000010
0000001000000010000000100000001000000010000000001010001000000101111101111100
0010000000100000001000000010000001011111011111000010000000100000001000000101
1111011111000010000000100000010111110111110001011111011111000010000000100000
0010000001011111011111000010000000100000001000000101111101111100001000000010
0000001000000010000000100000001000000010000000100000001000000010000000100000
0101111101111100010111110111110001011111011111000010000000100000001000000010
0000001000000101111101111100010111110111110001011111011111000010000000100000
0010000001011111011111000101111101111100010111110111110000100000001000000010
0000001000000010000001011111011111000101111101111100010111110111110000100000
0010000000100000001000000010000000100000001000000101111101111100010111110111
1100001000000010000000100000001000000010000001011111011111000010000000100000
0101111101111100010111110111110000100000001000000000101000100000010111110111
1100001000000010000000100000001000000101111101111100001000000010000000100000
0101111101111100010111110111110000100000001000000010000000100000001000000010
0000001000000101111101111100001000000010000000100000001000000010000001011111
0111110001011111011111000010000000100000001000000010000000100000010111110111
1100001000000010000000100000001000000010000000100000001000000010000000100000
0101111101111100001000000010000000100000001000000101111101111100001000000010
0000001000000101111101111100001000000010000000100000001000000101111101111100
0010000000100000001000000101111101111100001000000010000000100000001000000101
1111011111000010000000100000001000000101111101111100010111110111110001011111
0111110001011111011111000010000000100000001000000101111101111100010111110111
1100001000000010000000100000001000000010000000100000000010100010000001011111
0111110000100000001000000010000000100000010111110111110000100000001000000010
0000010111110111110000100000001000000010000000100000001000000010000000100000
0010000000100000010111110111110000100000001000000010000000100000001000000010
0000001000000010000000100000010111110111110000100000001000000010000001011111
0111110000100000001000000010000000100000001000000010000000100000001000000010
0000010111110111110000100000001000000010000000100000010111110111110000100000
0010000000100000010111110111110000100000001000000010000000100000010111110111
1100001000000010000000100000010111110111110000100000001000000010000000100000
0101111101111100001000000010000000100000010111110111110000100000001000000010
0000001000000010000000100000001000000010000000100000010111110111110000100000
0010000000100000001000000010000000100000001000000010000000001010001000000010
0000001000000101111101111100010111110111110000100000001000000010000000100000
0010000001011111011111000010000000100000001000000010000000100000001000000010
0000001000000010000001011111011111000010000000100000001000000101111101111100
0101111101111100010111110111110000100000001000000010000000100000001000000010
0000001000000101111101111100010111110111110001011111011111000010000000100000
0010000000100000001000000101111101111100010111110111110001011111011111000010
0000001000000010000001011111011111000010000000100000001000000010000001011111
0111110000100000001000000010000001011111011111000010000000100000001000000010
0000010111110111110000100000001000000010000000100000001000000101111101111100
0101111101111100010111110111110000100000001000000010000001011111011111000010
0000001000000010000000100000001000000010000000100000001000000000101001011100
0011000000110011001100110101101100110000011011010010011100001010011100110110
1100011001010110010101110000001000000011000100001010011100000111001001101001
0110111001110100011001100010000000100010001001000100000101011011001001000110
0010001100010010101100100100010000010101110100100100011110110110001000110001
0111110100100000010000110111001001100101011000010110010001101111011100100011
1010001001000110000111000010101000001100001010100000110000101010000011000010
1010000000100000010000010110111001101111011011100111100101101101011011110111
0101011100110010000001011010011100000111010001011100011011100010001000001010
0111000001110010011010010110111001110100011001100010000000100010001001000100
0001010110110010010001100010001100010010101100100100010000010101110100100100
0111101101100010001100010111110100100000010010000110010101110010011100100110
0001011011010110100101100101011011100111010001100001001110100010010001100001
0010000001010101011100100110110001010011011000110110000101101110011011100110
0101011100100101110001101110001000100000101001110000011100100110100101101110
0111010001100110001000000010001000100100010000010101101100100100011000100011
0001001010110010010001000001010111010010010001111011011000100011000101111101
0010000001000111011010010111010001001000011101010110001000111010001001000110
0001110000101010000011000010101000001100001010100000110000101010000011000010
1010000000100000011010000111010001110100011100000111001100111010001011110010
1111011001110110100101110100011010000111010101100010001011100110001101101111
0110110100101111010000010110111001101111011011100111100101101101011011110111
0101011100110010110101011010011100000111010001011100011011100010001000001010
0111000001110010011010010110111001110100011001100010000000100010001001000100
0001010110110010010001100010001100010010101100100100010000010101110100100100
0111101101100010001100010111110100100000010110010110111101110101010101000111
0101011000100110010100111010001001000110000111000010101000001100001010100000
1100001010100000110000101010000000100000011010000111010001110100011100000011
1010001011110010111101110111011101110111011100101110011110010110111101110101
0111010001110101011000100110010100101110011000110110111101101101001011110110
0011001011110100000101101110011011110110111001111001011011010110111101110101
0111001101011010011100000111010000100100011000100101110001101110001000100000
1010011100000111001001101001011011100111010001100110001000000010001000100100
0100000101011011001001000110001000110001001010110010010001000001010111010010
0100011000100011000100100000010000010110001101100011011010010110111101101110
0011101000100100011000010010000000100000001000000010000000100000001000000100
1001011011100110011101110010011001010111001101100001011100100010000001001100
0110000100100000010101010111001001101100001000000100000101100011011011110111
0010011101000110000101100100011000010010010001100010010111000110111000100010
0000101001000101010011110100110100001010011000110110000101110100001000000011
1110001000000010111001101110011001010110111100101111001100110010000000111100
0011110000101101001000000100010101001111010011010000101001100101011000110110
1000011011110010000000101101011001010010000000100111010111000011000000110011
0011001101011011001100010011101100110011001100100110110100001010001000000101
1111010111110101111101011111010111110101111101011111001000000010000000100000
0010000000100000001000000010000000100000010111110101111100100000001000000101
1111010111110101111101011111010111110101111101011111001000000010000000100000
0010000000100000001000000010000000100000001000000010000000100000001000000010
0000001000000010000000100000001000000010000000100000001000000010000000100000
0010000000100000001000000010000000100000001000000010000000100000001000000010
0000001000000010000000100000001000000010000000100000001000000010000000100000
0000101001111100001000000010000000100000011111000010000000100000001000000111
1100001011100010110100101101001011010010110100101110011111000010000000100000
0111110001111100001000000010000000100000001000000010000001011111010111110111
1100001011100010110100101101001011010010110100101110001011100010110100101101
0010110100101110001011010010111000101110001011010010110100101101001011010010
1101001011100010111000101101001011010010110100101101001011010010111000101110
0010110100101101001011010010110100101101001011100010111000101101001011010010
1101001011010010111000001010011111000010000000100000001000000111110000100000
0010000000100000011111000111110000100000001000000010000001011111011111000111
1100001000000010000001111100011111000101111101011111001000000010000000100000
0010000000100000011111000111110000100000001000000101111101011111011111000111
1100001000000010000001011111001000000010000001111100011111000010000000100000
0010000000100000001000000111110001111100001000000010000000100000001000000010
0000011111000111110000100000001000000010110101011111010111110111110001111100
0010000000100000001000000101111101111100000010100111110001011111010111110101
1111010111110101111101011111010111110111110001111100010111110101111101111100
0010000000100000011111000101111101011111011111000111110001011111010111110101
1111010111110101111101011111010111110111110001111100010111110101111101011111
0101111101111100011111000101111101011111010111110010111001011111011111000111
1100010111110101111101111100010111110101111101111100011111000101111101011111
0111110001011111010111110111110001111100010111110101111101011111010111110101
1111011111000111110001011111010111110111110000100000001000000000101001011100
0011000000110011001100110101101100110000011011010010011100001010011100110110
1100011001010110010101110000001000000011000100001010011100000111001001101001
0110111001110100011001100010000000100010001001000100000101011011001001000110
0010001100010010101100100100010000010101110100100100011110110110001000110001
0111110100100000010000110111001001100101011000010110010001101111011100100011
1010001001000110000111000010101000001100001010100000110000101010000011000010
1010000000100000010000010110111001101111011011100111100101101101011011110111
0101011100110010000001011010011100000111010001011100011011100010001000001010
0111000001110010011010010110111001110100011001100010000000100010001001000100
0001010110110010010001100010001100010010101100100100010000010101110100100100
0111101101100010001100010111110100100000010010000110010101110010011100100110
0001011011010110100101100101011011100111010001100001001110100010010001100001
0010000001010101011100100110110001010011011000110110000101101110011011100110
0101011100100101110001101110001000100000101001110000011100100110100101101110
0111010001100110001000000010001000100100010000010101101100100100011000100011
0001001010110010010001000001010111010010010001111011011000100011000101111101
0010000001000111011010010111010001001000011101010110001000111010001001000110
0001110000101010000011000010101000001100001010100000110000101010000011000010
1010000000100000011010000111010001110100011100000111001100111010001011110010
1111011001110110100101110100011010000111010101100010001011100110001101101111
0110110100101111010000010110111001101111011011100111100101101101011011110111
0101011100110010110101011010011100000111010001011100011011100010001000001010
0111000001110010011010010110111001110100011001100010000000100010001001000100
0001010110110010010001100010001100010010101100100100010000010101110100100100
0111101101100010001100010111110100100000010110010110111101110101010101000111
0101011000100110010100111010001001000110000111000010101000001100001010100000
1100001010100000110000101010000000100000011010000111010001110100011100000011
1010001011110010111101110111011101110111011100101110011110010110111101110101
0111010001110101011000100110010100101110011000110110111101101101001011110110
0011001011110100000101101110011011110110111001111001011011010110111101110101
0111001101011010011100000111010000100100011000100101110001101110001000100000
1010011100000111001001101001011011100111010001100110001000000010001000100100
0100000101011011001001000110001000110001001010110010010001000001010111010010
0100011000100011000100100000010000010110001101100011011010010110111101101110
0011101000100100011000010010000000100000001000000010000000100000001000000100
1001011011100110011101110010011001010111001101100001011100100010000001001100
0110000100100000010101010111001001101100001000000100000101100011011011110111
0010011101000110000101100100011000010010010001100010010111000110111000100010
0000101001000101010011110100110100001010011000110110000101110100001000000011
1110001011100110111001100101011011110010111100110100001000000011110000111100
0010110100100000010001010100111101001101000010100110010101100011011010000110
1111001000000010110101100101001000000010001000100100011100100000101011100010
1001011010000100111000101001011010000100111000101001011010000100111000101001
0110100001001110001010010110100001001110001010010110100001001110001010010110
1000010011100010100101101000010011100010100101101000010011100010100101101000
0100111000101001011010000100111000101001011010000100111000101001011010000100
1110001010010110100001001110001010010110100001001110001010010110100001000010
0000001001000100000101011011001001000110001000101011001001000100000101011101
0010010001111011011000100111110100100100011000100011000100100000010000110111
0010011001010110000101100100011011110111001000111010001000000010000000100000
0010000000100100011000010010000001000001011011100110111101101110011110010110
1101011011110111010101110011001000000101101001110000011101000010010001110010
0000101011100010100101101000100011100010100101101000100011100010100101101000
1000111000101001011010001000111000101001011010001100111000101001011010000100
1110001010010110100011001110001010010110100001001110001010010110100100001110
0010100101101001000011100010100101101000110011100010100101101000100011100010
1001011010001000111000101001011010001000111000101001011010001000111000101001
0110100010000010000000100100010000010101101100100100011000100010101100100100
0100000101011101001001000111101101100010011111010010010001100010001100010010
0000010010000110010101110010011100100110000101101101011010010110010101101110
0111010001100001001110100010010001100001001000000101010101110010011011000101
0011011000110110000101101110011011100110010101110010001001000111001000001010
1110001010010110100010001110001010010110100010001110001010010110100010001110
0010100101101000100011100010100101101000110011100010100101101000010011100010
1001011010001100111000101001011010000100111000101001011010010000111000101001
0110100100001110001010010110100011001110001010010110100000001110001010010110
1000100011100010100101101000100011100010100101101000100011100010100101101000
1000001000000010010001000001010110110010010001100010001010110010010001000001
0101110100100100011110110110001001111101001001000110001000110001001000000100
0111011010010111010001101000011101010110001000111010001000000010000000100000
0010000000100000001001000110000100100000011010000111010001110100011100000111
0011001110100010111100101111011001110110100101110100011010000111010101100010
0010111001100011011011110110110100101111010000010110111001101111011011100111
1001011011010110111101110101011100110010110101011010011100000111010000100100
0111001000001010111000101001011010000000111000101001011010000000111000101001
0110100000001110001010010110100000001110001010010110100000001110001010010110
1000000011100010100101101000000011100010100101101000000011100010100101101000
0000111000101001011010000000111000101001011010000000111000101001011010000000
1110001010010110100000001110001010010110100000001110001010010110100000001110
0010100101101000000000100000001001000100000101011011001001000110001000101011
0010010001000001010111010010010001111011011000100111110100100100011000100011
0001001000000101100101101111011101010111010001110101011000100110010100111010
0010000000100000001000000010000000100100011000010010000001101000011101000111
0100011100000011101000101111001011110111011101110111011101110010111001111001
0110111101110101011101000111010101100010011001010010111001100011011011110110
1101001011110110001100101111010000010110111001101111011011100111100101101101
0110111101110101011100110101101001110000011101000010010001110010000010100010
0000001000000010000000100000001000000010000000100000001000000010000000100000
0010000000100000001000000010000000100000001000000010000000100100010000010101
1011001001000110001000110001001010110010010001000001010111010010010001100010
0011000100100000010000010110001101100011011010010110111101101110001110100010
0100011000010010000000100000001000000010000000100000001000000100100101101110
0110011101110010011001010111001101100001011100100010000001001100011000010010
0000010101010111001001101100001000000100000101100011011011110111001001110100
0110000101100100011000010010010001100010000010100010010001100010001000100000
1010010001010100111101001101000010100110001101100001011101000010000000111110
0010000000101110011011100110010101101111001011110011010100100000001111000011
1100001011010010000001000101010011110100110100001010011001010110001101101000
0110111100100000001011010110010100100000001001110101110000110000001100110011
0011010110110011000100111011001100110011001001101101000010100111101101011111
0101111100100000001000000010000000100000001000000111101101011111010111110010
0000001000000010000000100000001000000010000000100000001000000111101101011111
0101111100100000001000000111101101011111010111110010000001011111010111110010
0000001000000010000000100000001000000010000000100000001000000010000000100000
0010000000100000001000000010000000100000001000000010000000100000001000000010
0000001000000010000000100000001000000010000000100000001000000010000000100000
0010000000100000001000000010000000100000001000000010000000100000001000000010
0000001000000010000000100000001000000010000000100000001000000010000000100000
0010000000100000001000000010000000100000001000000000101001111011010111110101
1111001000000010000000100000001000000010000001111011010111110101111100100000
0010000000100000001000000010000000100000001000000010000001111011010111110101
1111011110110101111101011111001000000010000000100000001000000111101101011111
0101111100100000001000000010000000100000001000000010000000100000001000000010
0000001000000010000000100000001000000010000000100000001000000010000000100000
0010000000100000001000000010000000100000001000000010000000100000001000000010
0000001000000010000000100000001000000010000000100000001000000010000000100000
0010000000100000001000000010000000100000001000000010000000100000001000000010
0000001000000010000000100000001000000010000000001010011110110101111101011111
0010000000100000001000000010000000100000011110110101111101011111011110110101
1111001000000111101101011111010111110101111100100000011110110101111101011111
0010000001111011010111110101111100100000001000000010000000100000001000000010
0000001000000010000000100000011110110101111101011111010111110010000000100000
0010000001111011010111110101111100100000001000000010000000100000011110110101
1111010111110010000001111011010111110101111100100000001000000111101101011111
0101111100100000011110110101111101011111001000000010000000100000001000000010
0000011110110101111101011111001000000010000000100000001000000111101101011111
0010000001111011010111110101111101011111000010100111101101011111010111110010
0000001000000010000000100000001000000111101101011111010111110010000001111011
0101111101011111001000000010000000100000001000000111101101011111010111110010
0000001000000010000001111011010111110101111100100000001000000010000000100000
0010000001111011010111110101111100100000001000000010000000100000011110110101
1111010111110010000000100000011110110101111101011111001000000010000001111011
0101111101011111001000000010000001111011010111110101111100100000011110110101
1111010111110010000000100000011110110101111101011111001000000111101101011111
0010000000100000001000000111101101011111010111110010000000100000011110110101
1111010111110010000000100000001000000000101001111011010111110101111100100000
0010000000100000001000000010000001111011010111110101111100100000011110110101
1111010111110010000000100000001000000010000001111011010111110101111100100000
0010000000100000001000000010000000100000011110110101111101011111001000000111
1011010111110101111100100000001000000010000000100000011110110101111101011111
0010000000100000001000000111101101011111010111110010000000100000011110110101
1111010111110010000000100000011110110101111101011111001000000111101101011111
0101111100100000001000000111101101011111010111110111101101011111010111110101
1111010111110101111100100000011110110101111101011111001000000111101101011111
0101111100100000001000000010000000001010011110110101111101011111001000000010
0000001000000010000000100000011110110101111101011111001000000111101101011111
0101111100100000001000000010000000100000011110110101111101011111011110110101
1111010111110010000000100000001000000010000001111011010111110101111100100000
0111101101011111010111110010000000100000001000000111101101011111010111110010
0000001000000010000001111011010111110101111100100000001000000111101101011111
0101111100100000001000000111101101011111010111110010000001111011010111110101
1111001000000010000001111011010111110101111101111011010111110010000000100000
0010000000100000001000000010000000100000001000000010000001111011010111110101
1111001000000010000000100000000010100010000000100000011110110101111101011111
0101111101011111010111110010000000100000001000000111101101011111010111110101
1111001000000010000000100000011110110101111101011111010111110010000000100000
0111101101011111010111110010000001011111010111110010000000100000001000000010
0000001000000111101101011111010111110101111100100000001000000111101101011111
0101111100100000011110110101111101011111010111110111101101011111010111110101
1111001000000010000001111011010111110101111101111011010111110101111101011111
0010000000100000011110110101111101011111001000000010000001111011010111110101
1111010111110101111100100000001000000010000001111011010111110101111101011111
0010000000100000001000000000101001011100001100000011001100110011010110110011
0000011011010010011100001010011100110110110001100101011001010111000000100000
0011000100001010011100000111001001101001011011100111010001100110001000000010
0010001001000100000101011011001001000110001000110001001010110010010001000001
0101110100100100011110110110001000110001011111010010000001000011011100100110
0101011000010110010001101111011100100011101000100100011000011100001010100000
1100001010100000110000101010000011000010101000000010000001000001011011100110
1111011011100111100101101101011011110111010101110011001000000101101001110000
0111010001011100011011100010001000001010011100000111001001101001011011100111
0100011001100010000000100010001001000100000101011011001001000110001000110001
0010101100100100010000010101110100100100011110110110001000110001011111010010
0000010010000110010101110010011100100110000101101101011010010110010101101110
0111010001100001001110100010010001100001001000000101010101110010011011000101
0011011000110110000101101110011011100110010101110010010111000110111000100010
0000101001110000011100100110100101101110011101000110011000100000001000100010
0100010000010101101100100100011000100011000100101011001001000100000101011101
0010010001111011011000100011000101111101001000000100011101101001011101000100
1000011101010110001000111010001001000110000111000010101000001100001010100000
1100001010100000110000101010000011000010101000000010000001101000011101000111
0100011100000111001100111010001011110010111101100111011010010111010001101000
0111010101100010001011100110001101101111011011010010111101000001011011100110
1111011011100111100101101101011011110111010101110011001011010101101001110000
0111010001011100011011100010001000001010011100000111001001101001011011100111
0100011001100010000000100010001001000100000101011011001001000110001000110001
0010101100100100010000010101110100100100011110110110001000110001011111010010
0000010110010110111101110101010101000111010101100010011001010011101000100100
0110000111000010101000001100001010100000110000101010000011000010101000000010
0000011010000111010001110100011100000011101000101111001011110111011101110111
0111011100101110011110010110111101110101011101000111010101100010011001010010
1110011000110110111101101101001011110110001100101111010000010110111001101111
0110111001111001011011010110111101110101011100110101101001110000011101000010
0100011000100101110001101110001000100000101001110000011100100110100101101110
0111010001100110001000000010001000100100010000010101101100100100011000100011
0001001010110010010001000001010111010010010001100010001100010010000001000001
0110001101100011011010010110111101101110001110100010010001100001001000000010
0000001000000010000000100000001000000100100101101110011001110111001001100101
0111001101100001011100100010000001001100011000010010000001010101011100100110
1100001000000100000101100011011011110111001001110100011000010110010001100001
0010010001100010010111000110111000100010000010100100010101001111010011010000
1010011000110110000101110100001000000011111000100000001011100110111001100101
0110111100101111001101100010000000111100001111000010110100100000010001010100
1111010011010000101001100101011000110110100001101111001000000010110101100101
0010000000100111010111000011000000110011001100110101101100110001001110110011
0011001100100110110100001010010000000100000001000000001000000010000001000000
0100000001000000001000000010000001000000010000000100000001000000010000000100
0000010000000010000000100000001000000100000001000000010000000010000000100000
0010000000100000001000000010000000100000001000000100000001000000010000000100
0000010000000100000000100000001000000010000000100000010000000100000001000000
0100000001000000010000000100000000100000001000000010000001000000010000000100
0000010000000100000001000000001000000010000000100000010000000100000001000000
0010000000100000010000000100000001000000001000000010000001000000010000000100
0000001000000010000001000000010000000100000000100000001000000100000001000000
0100000001000000010000000100000001000000010000000010000000100000010000000100
0000010000000100000001000000010000000100000000100000001000000010000000001010
0100000001000000010000000010000000100000010000000100000001000000001000000010
0000010000000100000001000000010000000100000001000000010000000100000000100000
0010000001000000010000000100000000100000001000000010000000100000001000000010
0000001000000100000001000000010000000100000001000000010000000100000000100000
0010000000100000010000000100000001000000010000000100000001000000010000000100
0000001000000010000001000000010000000100000001000000010000000100000001000000
0100000000100000001000000100000001000000010000000100000000100000010000000100
0000010000000010000000100000010000000100000001000000010000000010000001000000
0100000001000000001000000010000001000000010000000100000001000000010000000100
0000010000000100000000100000001000000100000001000000010000000100000001000000
0100000001000000010000000010000000100000000010100100000001000000001000010010
0000001000000100000001000000010000000010000000100000010000000100000000100001
0010000000100000010000000100000001000000001000000010000001000000010000000010
0001001000000010000000100000001000000010000000100000001000000010000101000000
0100000000100000001000000010000000100000001000000010000000100000001000010100
0000010000000010000000100000001000000010000000100000001000000010000001000000
0100000000100001001000000010000001000000010000000100000000100000001000000100
0000010000000010000101000000001000010100000001000000010000000010000000100000
0100000001000000001000010100000000100001010000000100000001000000001000000010
0000010000000100000000100001001000000010000000100000001000000010000000100000
0010000001000000010000000010000100100000001000000100000001000000010000000010
0000001000000000101000100001010000000010000100100000001000000100000000100001
0100000000100000001000000010000101000000001000010010000000100000010000000010
0001010000000010000000100000001000010100000000100001001000000010000000100000
0010000000100000001000000010000000100001010000000010000100100000001000000010
0000001000000010000000100000001000000010000101000000001000010010000000100000
0010000000100000001000000010000000100000001000010100000000100001001000000010
0000010000000010000101000000001000000010000000100001010000000010000100100001
0100000000100001010000000010000100100000001000000010000101000000001000010010
0001010000000010000101000000001000010010000000100000001000010100000000100001
0010000000100000001000000010000000100000001000000010000000100001010000000010
0001001000000010000001000000001000010100000000100000001000000000101001000000
0010000101000000001000000010000000100001010000000010000100100000001000000100
0000001000010100000000100001001000010100000000100001001000000010000000100000
0100000000100001001000010010000000100000001000000010000000100000001000000010
0000001000010010000101000000010000000010000100100001001000000010000000100000
0010000000100001010000000010000100100000001000000010000000100000001000000010
0000001000000100000000100001010000000010000101000000001000010100000000100001
0010000000100000010000000010000101000000001000000010000100100001010000000010
0001001000000010000001000000001000010100000000100000001000010010000101000000
0010000100100000001000000100000000100001001000010010000100111010001000010010
0000001000000010000000100000010000000010000101000000001000010010000101000000
0010000100100000001000000010000000001010001000010100000000100001001000000010
0000001000010010000100100001001000000010000000100001001000010100000000100001
0100000000100001001000000010000000100000001000000010000100100001001000010010
0000001000000010000000100000001000000010000000100000001000000010000100100001
0100000000100001001000010010000100100000001000000010000000100001001000010010
0001001000000010000000100000001000000010000000100000001000000010000100100001
0010000101000000001000010010000100100001001000010010000000100000001000010100
0000001000010010000000100000001000010010000100100001001000000010000000100001
0100000000100001001000000010000000100001001000010010000100100000001000000010
0001001000010010000100100001001000010011101000100000001000000010000000100000
0010000100100001010000000010000101000000001000010010000000100000001000000010
0000000010100010000100100001001110100010000000100000001000010010000100100001
0010000000100000001000010010000100111010001000000011101000100001001000010010
0000001000000010000000100001001000010011101000100000001000000010000000100000
0010000000100000001000000010000000100000001000000010000000100000001000010011
1010001000010010000000100000001110100010000100100001001000000010000000100000
0010000000100000001000000010000000100001001000010011101000100000001000000010
0001001000010010000100100000001000000010000100100001001110100010000000100000
0010000100100001001000010010000000100000001000010010000100111010001000000010
0000001000010010000100100001001000000010000000100001001000010011101000100000
0010000000100000001000000010000000100000001000000010000100100001001110100010
0000001110100010000100100001001000000010000000100000000010100011101000100001
0011101000100000001000000010000100111010001000010010000000100000001110100010
0001001110100010000000100000001000010011101000100001001000000010000000100000
0011101000100001001110100010000000100000001000000010000000100000001000000010
0000001000000010000000100000001000010011101000100001001000000010000000100000
0011101000100001001110100010000000100000001000000010000000100000001000000010
0000001110100010000100111010001000000010000000100001001110100010000100100000
0010000000111010001000010011101000100000001000000010000100111010001000010010
0000001000000011101000100001001110100010000000100000001000010011101000100001
0010000000100000001110100010000100111010001000000010000000100000001000000010
0000001000000010000000111010001000010011101000100000001000000010000100111010
0010000100100000001000000000101000111010001110100011101000111010001110100010
0000001110100011101000100000001000000011101000111010001000000010000000100000
0011101000111010001110100010000000100000001000000011101000111010001000000011
1010001110100011101000111010001000000010000000111010001110100011101000111010
0010000000111010001110100010000000100000001000000010000000111010001110100011
1010001000000011101000111010001110100010000000100000001110100011101000100000
0010000000100000001110100011101000111010001000000010000000100000001110100011
1010001000000010000000100000001110100011101000100000001000000010000000111010
0011101000100000001000000010000000111010001110100010000000100000001000000011
1010001110100010000000111010001110100011101000111010001000000010000000111010
0011101000100000001000000010000000111010001110100011101000100000001000000000
1010001000000011101000100000001110100010000000100000001110100010000000100000
0010000000100000001110100010000000100000001000000011101000100000001110100010
0000001000000011101000100000001110100011101000100000001110100010000000111010
0010000000100000001110100011101000100000001110100010000000111010001000000010
0000001000000010000000100000001110100011101000100000001110100011101000100000
0011101000100000001000000010000000111010001000000010000000100000001110100010
0000001110100010000000100000001110100011101000100000001000000010000000100000
0011101000100000001000000010000000111010001110100010000000100000001000000010
0000001110100010000000100000001000000011101000100000001110100011101000100000
0011101000111010001000000010000000100000001000000011101000100000001000000010
0000001110100010000000111010001000000010000000001010010111000011000000110011
0011001101011011001100000110110100100111000010100111001101101100011001010110
0101011100000010000000110001000010100111000001110010011010010110111001110100
0110011000100000001000100010010001000001010110110010010001100010001100010010
1011001001000100000101011101001001000111101101100010001100010111110100100000
0100001101110010011001010110000101100100011011110111001000111010001001000110
0001110000101010000011000010101000001100001010100000110000101010000000100000
0100000101101110011011110110111001111001011011010110111101110101011100110010
0000010110100111000001110100010111000110111000100010000010100111000001110010
0110100101101110011101000110011000100000001000100010010001000001010110110010
0100011000100011000100101011001001000100000101011101001001000111101101100010
0011000101111101001000000100100001100101011100100111001001100001011011010110
1001011001010110111001110100011000010011101000100100011000010010000001010101
0111001001101100010100110110001101100001011011100110111001100101011100100101
1100011011100010001000001010011100000111001001101001011011100111010001100110
0010000000100010001001000100000101011011001001000110001000110001001010110010
0100010000010101110100100100011110110110001000110001011111010010000001000111
0110100101110100010010000111010101100010001110100010010001100001110000101010
0000110000101010000011000010101000001100001010100000110000101010000000100000
0110100001110100011101000111000001110011001110100010111100101111011001110110
1001011101000110100001110101011000100010111001100011011011110110110100101111
0100000101101110011011110110111001111001011011010110111101110101011100110010
1101010110100111000001110100010111000110111000100010000010100111000001110010
0110100101101110011101000110011000100000001000100010010001000001010110110010
0100011000100011000100101011001001000100000101011101001001000111101101100010
0011000101111101001000000101100101101111011101010101010001110101011000100110
0101001110100010010001100001110000101010000011000010101000001100001010100000
1100001010100000001000000110100001110100011101000111000000111010001011110010
1111011101110111011101110111001011100111100101101111011101010111010001110101
0110001001100101001011100110001101101111011011010010111101100011001011110100
0001011011100110111101101110011110010110110101101111011101010111001101011010
0111000001110100001001000110001001011100011011100010001000001010011100000111
0010011010010110111001110100011001100010000000100010001001000100000101011011
0010010001100010001100010010101100100100010000010101110100100100011000100011
0001001000000100000101100011011000110110100101101111011011100011101000100100
0110000100100000001000000010000000100000001000000010000001001001011011100110
0111011100100110010101110011011000010111001000100000010011000110000100100000
0101010101110010011011000010000001000001011000110110111101110010011101000110
0001011001000110000100100100011000100101110001101110001000100000101001000101
0100111101001101000010100110001101100001011101000010000000111110001000000010
1110011011100110010101101111001011110011011100100000001111000011110000101101
0010000001000101010011110100110100001010011001010110001101101000011011110010
0000001011010110010100100000001001110101110000110000001100110011001101011011
0011000100111011001100110011001001101101000010100010000001011111001000000010
0000001000000010000000100000010111110010000000100000001000000010000000100000
0010000000100000001000000010000001011111001000000010000000100000001000000101
1111010111110101111101011111010111110101111100100000001000000010000000100000
0010000000100000001000000010000000100000001000000010000000100000001000000010
0000001000000010000000100000001000000010000000100000001000000010000000100000
0010000000100000001000000010000000100000001000000010000000100000001000000010
0000001000000010000000100000001000000010000000100000001000000010000000100000
0010000000001010001010000101111100101001001000000010000000100000001010000101
1111001010010010000000100000001000000010000000100000001000000010000001111100
0010000001111100001000000010000000101111001000000101111101011111010111110101
1111010111110010100100100000001000000010000000100000001000000010000000100000
0010000000100000001000000010000000100000001000000010000000100000001000000010
0000001000000010000000100000001000000010000000100000001000000010000000100000
0010000000100000001000000010000000100000001000000010000000100000001000000010
0000001000000010000000100000001000000010000000100000000010100010000001011111
0010000000100000001000000010000000100000010111110010000000100000001000000101
1111010111110101111101011111001000000111110000100000011111000010000000101000
0010000000101000010111110101111101011111010111110010000000100000001000000010
0000010111110101111101011111010111110010000000100000010111110101111101011111
0101111101011111001000000010000001011111010111110101111101011111001000000010
0000001000000101111101011111010111110101111100100000001000000010000001011111
0101111101011111010111110101111100100000001000000010000001011111010111110101
1111010111110010000000001010011111000010000001111100001000000010000000100000
0111110000100000011111000010000000101111001000000101111101011111010111110010
1001011111000010000001111100001000000010000001011100010111110101111101011111
0101111100100000010111000010000000100000001011110010000001011111010111110101
1111001010010010100001011111010111110101111101011111001000000111110001111100
0010000000100000010111110010000001011100001000000111110000100000001000000101
1111001000000101110000100000011111000010000001011111010111110101111100100000
0111110000100000001011110010000001011111010111110101111100101001000010100111
1100001000000111110001011111010111110101111101111100001000000111110001111100
0010000001111100001000000010000000100000001000000111110000100000011111000010
0000001000000101111101011111010111110101111101011111001010010010000000101001
0010100000100000001010000101111101011111010111110010000000101111001000000101
1111010111110101111100100000011111000111110000100000011111000010000001111100
0010000001111100011111000010000001111100001000000111110000100000011111000111
1100001000000101111101011111010111110101111101111100011111000010000001111100
0010000000100000001000000010000000001010001000000101110001011111010111110101
1111010111110101111100101111001000000111110001011111011111000010000000100000
0010000000100000001000000101110001011111001010010010100001011111010111110101
1111010111110101111101011111001011110010000000100000010111000101111101011111
0101111101011111001010010101110001011111010111110101111101011111010111110111
1100011111000101111101111100001000000111110001011111011111000111110001011111
0111110000100000011111000101111101111100011111000101111101011111010111110101
1111010111110010100101111100010111110111110000100000001000000010000000100000
0000101001011100001100000011001100110011010110110011000001101101001001110000
1010011100110110110001100101011001010111000000100000001100010000101001110000
0111001001101001011011100111010001100110001000000010001000100100010000010101
1011001001000110001000110001001010110010010001000001010111010010010001111011
0110001000110001011111010010000001000011011100100110010101100001011001000110
1111011100100011101000100100011000011100001010100000110000101010000011000010
1010000011000010101000000010000001000001011011100110111101101110011110010110
1101011011110111010101110011001000000101101001110000011101000101110001101110
0010001000001010011100000111001001101001011011100111010001100110001000000010
0010001001000100000101011011001001000110001000110001001010110010010001000001
0101110100100100011110110110001000110001011111010010000001001000011001010111
0010011100100110000101101101011010010110010101101110011101000110000100111010
0010010001100001001000000101010101110010011011000101001101100011011000010110
1110011011100110010101110010010111000110111000100010000010100111000001110010
0110100101101110011101000110011000100000001000100010010001000001010110110010
0100011000100011000100101011001001000100000101011101001001000111101101100010
0011000101111101001000000100011101101001011101000100100001110101011000100011
1010001001000110000111000010101000001100001010100000110000101010000011000010
1010000011000010101000000010000001101000011101000111010001110000011100110011
1010001011110010111101100111011010010111010001101000011101010110001000101110
0110001101101111011011010010111101000001011011100110111101101110011110010110
1101011011110111010101110011001011010101101001110000011101000101110001101110
0010001000001010011100000111001001101001011011100111010001100110001000000010
0010001001000100000101011011001001000110001000110001001010110010010001000001
0101110100100100011110110110001000110001011111010010000001011001011011110111
0101010101000111010101100010011001010011101000100100011000011100001010100000
1100001010100000110000101010000011000010101000000010000001101000011101000111
0100011100000011101000101111001011110111011101110111011101110010111001111001
0110111101110101011101000111010101100010011001010010111001100011011011110110
1101001011110110001100101111010000010110111001101111011011100111100101101101
0110111101110101011100110101101001110000011101000010010001100010010111000110
1110001000100000101001110000011100100110100101101110011101000110011000100000
0010001000100100010000010101101100100100011000100011000100101011001001000100
0001010111010010010001100010001100010010000001000001011000110110001101101001
0110111101101110001110100010010001100001001000000010000000100000001000000010
0000001000000100100101101110011001110111001001100101011100110110000101110010
0010000001001100011000010010000001010101011100100110110000100000010000010110
0011011011110111001001110100011000010110010001100001001001000110001001011100
0110111000100010000010100100010101001111010011010000101001100011011000010111
0100001000000011111000100000001011100110111001100101011011110010111100111000
0010000000111100001111000010110100100000010001010100111101001101000010100110
0101011000110110100001101111001000000010110101100101001000000010011101011100
0011000000110011001100110101101100110001001110110011001100110010011011010000
1010111000101001010010000000111000101001010010000000111000101001010010000000
1110001010010100100000001110001010010100100000001110001010010100100000001110
0010100101001000000011100010100101001000000011100010100101001000000011100010
1001010010000000111000101001010010000000111000101001010010000000111000101001
0101100101001110001010010101100100001110001010010101100101111110001010010100
1000000011100010100101001000000011100010100101001000000011100010100101001000
0000111000101001010010000000111000101001010010000000111000101001010010000000
1110001010010100100000001110001010010100100000001110001010010100100000001110
0010100101001000000011100010100101001000000011100010100101001000000011100010
1001010010000000111000101001010010000000111000101001010010000000111000101001
0100100000001110001010010100100000001110001010010100100000001110001010010100
1000000000001010111000101001010010000000111000101001010010000000111000101001
0100100000001110001010010101100101001110001010010101101001101110001010010101
1001011111100010100101011001010011100010100101011010011011100010100101011001
0111111000101001010110010100111000101001010110010111111000101001010010000000
1110001010010101100100011110001010010101100100001110001010010101101000111110
0010100101011001010011100010100101011001000011100010100101011001011111100010
1001010110010100111000101001010110010000111000101001010110010111111000101001
0100100000001110001010010101100101001110001010010101100100001110001010010101
1010011011100010100101011001011111100010100101011001010011100010100101011001
0000111000101001010110010111111000101001010110010100111000101001010110100110
1110001010010101100101111110001010010100100000001110001010010100100000001110
0010100101001000000000001010111000101001010010000000111000101001010010000000
1110001010010100100000001110001010010101100100011110001010010101100100011110
0010100101011001000111100010100101011001000111100010100101011001010011100010
1001010110011101111000101001010110010001111000101001010110011010111000101001
0101100101111110001010010101101000001110001010010101100100001110001010010101
1001000111100010100101011001000111100010100101011001000011100010100101011010
0011111000101001010110010001111000101001010110101100111000101001010110011010
1110001010010101100101111110001010010101100100011110001010010101100100011110
0010100101011001000111100010100101011001000111100010100101011001000111100010
1001010110101001111000101001010110100011111000101001010110010001111000101001
0101100101001110001010010101100111011110001010010100100000001110001010010100
1000000011100010100101001000000000001010111000101001010010000000111000101001
0100100000001110001010010100100000001110001010010101100110101110001010010101
1001000011100010100101011001110111100010100101011001101011100010100101011001
1101111000101001010010000000111000101001010110011010111000101001010110010000
1110001010010101100111011110001010010101100110101110001010010101100100001110
0010100101011001110111100010100101011001101011100010100101011001000011100010
1001010110011101111000101001010110011010111000101001010110010000111000101001
0101100100001110001010010101100111011110001010010101100110101110001010010101
1010100111100010100101011001000011100010100101011001110111100010100101011001
1010111000101001010110010000111000101001010110011101111000101001010110011010
1110001010010101100111011110001010010100100000001110001010010100100000001110
0010100101001000000011100010100101001000000000001010010111000011000000110011
0011001101011011001100000110110100100111000010100111001101101100011001010110
0101011100000010000000110001000010100111000001110010011010010110111001110100
0110011000100000001000100010010001000001010110110010010001100010001100010010
1011001001000100000101011101001001000111101101100010001100010111110100100000
0100001101110010011001010110000101100100011011110111001000111010001001000110
0001110000101010000011000010101000001100001010100000110000101010000000100000
0100000101101110011011110110111001111001011011010110111101110101011100110010
0000010110100111000001110100010111000110111000100010000010100111000001110010
0110100101101110011101000110011000100000001000100010010001000001010110110010
0100011000100011000100101011001001000100000101011101001001000111101101100010
0011000101111101001000000100100001100101011100100111001001100001011011010110
1001011001010110111001110100011000010011101000100100011000010010000001010101
0111001001101100010100110110001101100001011011100110111001100101011100100101
1100011011100010001000001010011100000111001001101001011011100111010001100110
0010000000100010001001000100000101011011001001000110001000110001001010110010
0100010000010101110100100100011110110110001000110001011111010010000001000111
0110100101110100010010000111010101100010001110100010010001100001110000101010
0000110000101010000011000010101000001100001010100000110000101010000000100000
0110100001110100011101000111000001110011001110100010111100101111011001110110
1001011101000110100001110101011000100010111001100011011011110110110100101111
0100000101101110011011110110111001111001011011010110111101110101011100110010
1101010110100111000001110100010111000110111000100010000010100111000001110010
0110100101101110011101000110011000100000001000100010010001000001010110110010
0100011000100011000100101011001001000100000101011101001001000111101101100010
0011000101111101001000000101100101101111011101010101010001110101011000100110
0101001110100010010001100001110000101010000011000010101000001100001010100000
1100001010100000001000000110100001110100011101000111000000111010001011110010
1111011101110111011101110111001011100111100101101111011101010111010001110101
0110001001100101001011100110001101101111011011010010111101100011001011110100
0001011011100110111101101110011110010110110101101111011101010111001101011010
0111000001110100001001000110001001011100011011100010001000001010011100000111
0010011010010110111001110100011001100010000000100010001001000100000101011011
0010010001100010001100010010101100100100010000010101110100100100011000100011
0001001000000100000101100011011000110110100101101111011011100011101000100100
0110000100100000001000000010000000100000001000000010000001001001011011100110
0111011100100110010101110011011000010111001000100000010011000110000100100000
0101010101110010011011000010000001000001011000110110111101110010011101000110
0001011001000110000100100100011000100101110001101110001000100000101001000101
0100111101001101000010100110001101100001011101000010000000111110001000000010
1110011011100110010101101111001011110011100100100000001111000011110000101101
0010000001000101010011110100110100001010011001010110001101101000011011110010
0000001011010110010100100000001001110101110000110000001100110011001101011011
0011000100111011001100110011001001101101000010101110001010010110100101111110
0010100101101001011000100000111000101001011010010111111000101001011010010110
0010000000100000001000000010000000100000111000101001011010010111111000101001
0110100001001110001010010110100101100010000000100000001000001110001010010110
1001011111100010100101101000010011100010100101101001011000001010111000101001
0110100100001110001010010110100011000010000011100010100101101001000011100010
1001011010001100001000000010000000100000001000000010000011100010100101101001
1101111000101001011010011100111000101001011010001100001000000010000011100010
1001011010010111111000101001011010011011111000101001011010000000111000101001
0110100111000000101011100010100101101001000011100010100101101000110000100000
1110001010010110100100001110001010010110100011000010000011100010100101101000
1000111000101001011010011111111000101001011010001000111000101001011010001100
0010000011100010100101101001000011100010100101101000110000100000001000001110
0010100101101001000011100010100101101001100100100000001000000010000000100000
1110001010010110100111111110001010010110100010001110001010010110100010001110
0010100101101001011000100000111000101001011010011111111000101001011010001000
1110001010010110100010001110001010010110100101101110001010010110100100001110
0010100101101001100111100010100101101000100011100010100101101000100011100010
1001011010010110111000101001011010010000111000101001011010011001111000101001
0110100010001110001010010110100010001110001010010110100101100010000011100010
1001011010011111111000101001011010001000111000101001011010011001001000000010
0000111000101001011010001000111000101001011010011111111000101001011010001000
1110001010010110100011000000101011100010100101101001000011100010100101101000
1100001000001110001010010110100100001110001010010110100011000010000011100010
1001011010001000111000101001011010011000001000000010000000100000111000101001
0110100100001110001010010110100011000010000000100000001000001110001010010110
1001110011100010100101101000100011100010100101101001100100100000111000101001
0110100100001110001010010110100110110010000000100000111000101001011010011000
0010000011100010100101101001100011100010100101101000010011100010100101101001
1111111000101001011010001100111000101001011010010000111000101001011010011011
0010000011100010100101101001000011100010100101101000110011100010100101101001
0000111000101001011010011011001000001110001010010110100100001110001010010110
1000110011100010100101101001000011100010100101101001100111100010100101101000
0100111000101001011010011111111000101001011010001100001000001110001010010110
1000100011100010100101101001100000001010111000101001011010010000111000101001
0110100011000010000011100010100101101001000011100010100101101000110000100000
1110001010010110100010000010000000100000001000000010000011100010100101101001
0000111000101001011010001100001000000010000000100000001000000010000011100010
1001011010011100111000101001011010001100111000101001011010010000111000101001
0110100011000010000000100000001000001110001010010110100101111110001010010110
1000100011100010100101101000000011100010100101101001110011100010100101101000
1100111000101001011010010000111000101001011010001100001000001110001010010110
1001000011100010100101101000110011100010100101101001000011100010100101101000
1100001000001110001010010110100100001110001010010110100011001110001010010110
1001000011100010100101101001101111100010100101101000000011100010100101101000
0000111000101001011010011000001000001110001010010110100010000000101011100010
1001011010011101111000101001011010001000111000101001011010000100111000101001
0110100010001110001010010110100110000010000011100010100101101000100000100000
0010000000100000001000001110001010010110100100001110001010010110100110011110
0010100101101000010000100000111000101001011010010000111000101001011010000100
1110001010010110100001001110001010010110100111111110001010010110100110001110
0010100101101001110111100010100101101000100011100010100101101000010011100010
1001011010000100111000101001011010001100111000101001011010010000111000101001
0110100110011110001010010110100001001110001010010110100010001110001010010110
1000110011100010100101101001000011100010100101101000110000100000111000101001
0110100100001110001010010110100011001110001010010110100100001110001010010110
1000110000100000111000101001011010010000111000101001011010001100111000101001
0110100111011110001010010110100010001110001010010110100001001110001010010110
1000010011100010100101101000110000100000111000101001011010001000000010100010
0000111000101001011010011101111000101001011010000000111000101001011010011000
0010000000100000111000101001011010000000001000000010000000100000001000000010
0000111000101001011010000000111000101001011010000000001000000010000011100010
1001011010000000111000101001011010000000111000101001011010011000001000000010
0000111000101001011010011101111000101001011010000000111000101001011010000000
0010000000100000111000101001011010000000111000101001011010000000111000101001
0110100111011110001010010110100110001110001010010110100111011110001010010110
1001100000100000111000101001011010011101111000101001011010011000111000101001
0110100111011110001010010110100110000010000011100010100101101001110111100010
1001011010011000001000001110001010010110100111011110001010010110100000001110
0010100101101000000000100000001000001110001010010110100000000000101001011100
0011000000110011001100110101101100110000011011010010011100001010011100110110
1100011001010110010101110000001000000011000100001010011100000111001001101001
0110111001110100011001100010000000100010001001000100000101011011001001000110
0010001100010010101100100100010000010101110100100100011110110110001000110001
0111110100100000010000110111001001100101011000010110010001101111011100100011
1010001001000110000111000010101000001100001010100000110000101010000011000010
1010000000100000010000010110111001101111011011100111100101101101011011110111
0101011100110010000001011010011100000111010001011100011011100010001000001010
0111000001110010011010010110111001110100011001100010000000100010001001000100
0001010110110010010001100010001100010010101100100100010000010101110100100100
0111101101100010001100010111110100100000010010000110010101110010011100100110
0001011011010110100101100101011011100111010001100001001110100010010001100001
0010000001010101011100100110110001010011011000110110000101101110011011100110
0101011100100101110001101110001000100000101001110000011100100110100101101110
0111010001100110001000000010001000100100010000010101101100100100011000100011
0001001010110010010001000001010111010010010001111011011000100011000101111101
0010000001000111011010010111010001001000011101010110001000111010001001000110
0001110000101010000011000010101000001100001010100000110000101010000011000010
1010000000100000011010000111010001110100011100000111001100111010001011110010
1111011001110110100101110100011010000111010101100010001011100110001101101111
0110110100101111010000010110111001101111011011100111100101101101011011110111
0101011100110010110101011010011100000111010001011100011011100010001000001010
0111000001110010011010010110111001110100011001100010000000100010001001000100
0001010110110010010001100010001100010010101100100100010000010101110100100100
0111101101100010001100010111110100100000010110010110111101110101010101000111
0101011000100110010100111010001001000110000111000010101000001100001010100000
1100001010100000110000101010000000100000011010000111010001110100011100000011
1010001011110010111101110111011101110111011100101110011110010110111101110101
0111010001110101011000100110010100101110011000110110111101101101001011110110
0011001011110100000101101110011011110110111001111001011011010110111101110101
0111001101011010011100000111010000100100011000100101110001101110001000100000
1010011100000111001001101001011011100111010001100110001000000010001000100100
0100000101011011001001000110001000110001001010110010010001000001010111010010
0100011000100011000100100000010000010110001101100011011010010110111101101110
0011101000100100011000010010000000100000001000000010000000100000001000000100
1001011011100110011101110010011001010111001101100001011100100010000001001100
0110000100100000010101010111001001101100001000000100000101100011011011110111
0010011101000110000101100100011000010010010001100010010111000110111000100010
0000101001000101010011110100110100001010011000110110000101110100001000000011
1110001000000010111001101110011001010110111100101111001100010011000000100000
0011110000111100001011010010000001000101010011110100110100001010011001010110
0011011010000110111100100000001011010110010100100000001001110101110000110000
0011001100110011010110110011000100111011001100110011001001101101000010101110
0010100101101001011100100000001000001110001010010110100101100010000000100000
0010000000100000111000101001011010011101111000101001011010011100001000000010
0000001000001110001010010110100001001110001010010110100001000000101011100010
1001011010010000001000000010000011100010100101101000110000100000111000101001
0110100101101110001010010110100001000010000000100000111000101001011010010000
0010000000100000111000101001011010010000111000101001011010011000001000001110
0010100101101001100000100000111000101001011010000100111000101001011010010110
0010000000100000111000101001011010000100111000101001011010010110001000001110
0010100101101001011111100010100101101001011111100010100101101001011000100000
1110001010010110100101111110001010010110100101111110001010010110100101100010
0000001000001110001010010110100001001110001010010110100101100010000000100000
1110001010010110100101101110001010010110100001000000101011100010100101101001
0000001000000010000011100010100101101000110000100000111000101001011010011011
0010000011100010100101101001100000100000111000101001011010010000001000000010
0000111000101001011010011101111000101001011010011001111000101001011010000100
0010000011100010100101101001000011100010100101101001100011100010100101101001
1101001000001110001010010110100111010010000011100010100101101001000000100000
1110001010010110100100001110001010010110100110001110001010010110100100000010
0000111000101001011010010000111000101001011010011000111000101001011010010000
0010000011100010100101101001000011100010100101101001100011100010100101101001
0000001000000010000011100010100101101001101100100000111000101001011010011000
0000101011100010100101101001000000100000001000001110001010010110100011000010
0000111000101001011010001100001000000010000000100000111000101001011010010000
0010000000100000001000000010000011100010100101101001110111100010100101101000
1100111000101001011010010000001000000010000000100000111000101001011010010111
1110001010010110100000001110001010010110100111000010000011100010100101101001
0000001000001110001010010110100100000010000011100010100101101001000000100000
1110001010010110100100000010000011100010100101101001000011100010100101101000
0000111000101001011010000000001000000010000011100010100101101000110000001010
1110001010010110100111011110001010010110100001001110001010010110100001001110
0010100101101001100000100000111000101001011010001100001000000010000000100000
1110001010010110100111011110001010010110100001000010000011100010100101101001
1101111000101001011010000100111000101001011010011111111000101001011010011000
1110001010010110100111011110001010010110100110011110001010010110100111100010
0000111000101001011010011101111000101001011010000100111000101001011010011100
0010000011100010100101101001000000100000111000101001011010010000001000001110
0010100101101001000000100000111000101001011010010000001000001110001010010110
1001110111100010100101101001100111100010100101101001111000100000001000001110
0010100101101000110000001010010111000011000000110011001100110101101100110000
0110110100100111000010100111001101101100011001010110010101110000001000000011
0001000010100111000001110010011010010110111001110100011001100010000000100010
0010010001000001010110110010010001100010001100010010101100100100010000010101
1101001001000111101101100010001100010111110100100000010000110111001001100101
0110000101100100011011110111001000111010001001000110000111000010101000001100
0010101000001100001010100000110000101010000000100000010000010110111001101111
0110111001111001011011010110111101110101011100110010000001011010011100000111
0100010111000110111000100010000010100111000001110010011010010110111001110100
0110011000100000001000100010010001000001010110110010010001100010001100010010
1011001001000100000101011101001001000111101101100010001100010111110100100000
0100100001100101011100100111001001100001011011010110100101100101011011100111
0100011000010011101000100100011000010010000001010101011100100110110001010011
0110001101100001011011100110111001100101011100100101110001101110001000100000
1010011100000111001001101001011011100111010001100110001000000010001000100100
0100000101011011001001000110001000110001001010110010010001000001010111010010
0100011110110110001000110001011111010010000001000111011010010111010001001000
0111010101100010001110100010010001100001110000101010000011000010101000001100
0010101000001100001010100000110000101010000000100000011010000111010001110100
0111000001110011001110100010111100101111011001110110100101110100011010000111
0101011000100010111001100011011011110110110100101111010000010110111001101111
0110111001111001011011010110111101110101011100110010110101011010011100000111
0100010111000110111000100010000010100111000001110010011010010110111001110100
0110011000100000001000100010010001000001010110110010010001100010001100010010
1011001001000100000101011101001001000111101101100010001100010111110100100000
0101100101101111011101010101010001110101011000100110010100111010001001000110
0001110000101010000011000010101000001100001010100000110000101010000000100000
0110100001110100011101000111000000111010001011110010111101110111011101110111
0111001011100111100101101111011101010111010001110101011000100110010100101110
0110001101101111011011010010111101100011001011110100000101101110011011110110
1110011110010110110101101111011101010111001101011010011100000111010000100100
0110001001011100011011100010001000001010011100000111001001101001011011100111
0100011001100010000000100010001001000100000101011011001001000110001000110001
0010101100100100010000010101110100100100011000100011000100100000010000010110
0011011000110110100101101111011011100011101000100100011000010010000000100000
0010000000100000001000000010000001001001011011100110011101110010011001010111
0011011000010111001000100000010011000110000100100000010101010111001001101100
0010000001000001011000110110111101110010011101000110000101100100011000010010
0100011000100101110001101110001000100000101001000101010011110100110100001010
0110000101111010011000010111001000111101001001000010100001110011011010000111
0101011001100010000000101101011010010010000000110001001011010011000100110000
0010000000101101011011100010000000110001001010010000101001100010011000010111
0011011010000010000000101110011011100110010101101111001011110010001000100100
0110000101111010011000010111001000100010000010100111001001101101001000000010
1101011100100110011000100000001011100110111001100101011011110000101001111101
0000101001110101011100100110110000101000001010010010000001111011000010100110
0011011000010111001101100101001000000010010001110101011100100110110000110001
0010000001101001011011100000101000100010001000100010100100001010011001010110
0011011010000110111100100000001011010110010100100000001000100010010001000001
0101101100100100011100100010000100100100010000010101110100100100011000100010
0000010100110110100101101110001000000101010101110010011011000010000100100010
0000101001100101011000110110100001101111000010100111000001110010011010010110
1110011101000110011000100000001000100010010001000001010110110010010001110010
0010101000100100010000010101110100100100011101100010000001010101011100100110
1100010100110110001101100001011011100110111001100101011100100011101000100100
0110001000100000001000100000101001110010011001010110000101100100001000000111
0101011100100110110000110001000010100111010101110010011011000000101000111011
0011101100001010001010100010100100001010011010010110011000100000011001010110
0011011010000110111100100000001000100010010001110101011100100110110000110001
0010001000100000011111000010000001100111011100100110010101110000001000000010
1101011011110010000000100010011010000111010001110100011100000011101000101111
0010111101011100011111000110100001110100011101000111000001110011001110100010
1111001011110010001000100000001001100011111000111110001000000010111101100100
0110010101110110001011110110111001110101011011000110110000100000001110110111
0100011010000110010101101110000010100100000101000101010000010011110100100010
0101100001000100001000100000101001100101011011000111001101100101000010100111
0101011100100110110000110001001111010010001001101000011101000111010001110000
0111001100111010001011110010111100100100011101010111001001101100001100010010
0010001000000010011000111110001111100010000000101111011001000110010101110110
0010111101101110011101010110110001101100000010100110011001101001000010100110
0101011100110110000101100011000010100111110100001010011100110110110001100101
0110010101110000001000000011000000101110001100000000101001100011011011000110
0101011000010111001000001010011000100110000101101110011011100110010101110010
0000101001100101011000110110100001101111000010100111000001110010011010010110
1110011101000110011000100000001000100010010001000001010110110010010001100010
0011000100101011001001000100000101011101001001000111011000100000010101010111
0010011011000101001101100011011000010110111001101110011001010111001000111010
0010010001100010001000000010001000001010011100100110010101100001011001000010
0000011101010111001001101100001100010000101001110101011100100110110000001010
0110001101110101011100100110110000100000001011010111001101001100010010010010
0000001001000111010101110010011011000011000100100000011111000010000001100111
0111001001100101011100000010000000101101011010010010000001101100011011110110
0011011000010111010001101001011011110110111000111010001000000111110000100000
0111001101100101011001000010000000100111011100110010111101001100011011110110
0011011000010111010001101001011011110110111000111010001011110010010001000001
0101101100100100011000100011000100101011001001000100000101011101001001000110
0010001100010010000001010101011100100110110001010011011000110110000101101110
0110111001100101011100100011101000100100011101100010111100100111001000000111
1100001000000111001101100101011001000010000000100111011100110010111101101100
0110111101100011011000010111010001101001011011110110111000111010001011110010
0100010000010101101100100100011000100011000100101011001001000100000101011101
0010010001100010001100010010000001010101011100100110110001010011011000110110
0001011011100110111001100101011100100011101000100100011101100010111100100111
0010000000111110001000000010111001011010011100000111010000110001000010100110
1010011010110011110100100010001001000010100001110000011010010110111001100111
0010000000101101011000110010000000110001001000000010110101110001001000000111
0111011101110111011100101110011001110110111101101111011001110110110001100101
0010111001100011011011110110110100100000001111100010011000101111011001000110
0101011101100010111101101110011101010110110001101100001110110010000001100101
0110001101101000011011110010000000100100001111110010100100100010000010100110
0011011000010111001101100101001000000010010000101000011000110110000101110100
0010000000101110010110100111000001110100001100010010100100100000011010010110
1110000010100010001000100010001010010000101001100011011000010111001101100101
0010000000100100011010100110101100100000011010010110111000001010001100000010
1001000010100110010101100011011010000110111100100000001011010110010100100000
0010001000001010001001000111001001011011001011010101110100100100011000100011
0001001000000101010101110010011011000101001101100011011000010110111001101110
0110010101110010001110100010010001110010001000000100010101110010011100100110
1111011100100010000001000001011011000010000001000111011001010110111001100101
0111001001100001011100100010000001001100011000010010000001010101011100100110
1100001011100000101000100100011000100010001000001010001110110011101100001010
0010101000101001000010100110010101100011011010000110111100100000001011010110
0101001000000010001000001010001001000111001001011011001011010101110100100100
0110001000110001001000000101010101110010011011000101001101100011011000010110
1110011011100110010101110010001110100010010001110010001000000100111001101111
0010000001001000011000010111100100100000010000110110111101101110011001010111
1000011010010110111101101110001000000100000100100000010010010110111001110100
0110010101110010011011100110010101110100001011100000101000100100011000100010
0010000010100110010101110011011000010110001100001010001110110011101100001010
0010101000101001000010100110001101100001011101000010000000111110001000000010
1110010110100111000001110100001100100010000000111100001111000010110100100000
0100010101001111010011010000101000100011001000010010111101100010011010010110
1110001011110110001001100001011100110110100000001010011001110011110100100010
0010010001111011011000100111110101011100001100000011001100110011010110110011
0001001110110011001100110000011011010010001000001010011000100011110100100010
0101110000110000001100110011001101011011001100000110110100100010000010100110
0010001100010011110100100010001001000110001001011100001100000011001100110011
0101101100110001001110110011001100110111011011010010001000001010011100100011
1101001000100010010001111011011000100111110101011100001100000011001100110011
0101101100110001001110110011001100110001011011010010001000001010011100100011
0001001111010010001000100100011110110110001001111101010111000011000000110011
0011001101011011001100110011000101101101001000100000101001000001001111010010
0010001001000111101101100010011111010101110000110000001100110011001101011011
0011000100111011001100110011010001101101001000100000101001000001001100010011
1101001000100010010001111011011000100111110101011100001100000011001100110011
0101101100110011001101000110110100100010000010100110000101100011001111010010
0010001001000111101101100010011111010101110001100101010110110011000100111011
0011001100110110011011010010001000001010011000010110001100110001001111010010
0010001001000111101101100010011111010101110001100101010110110011001100110110
0110110100100010000010100111011000111101001000100010010001111011011000100111
1101010111000011000000110011001100110101101100110001001110110011001100110010
0110110100100010000010100111011000110001001111010010001000100100011110110110
0010011111010101110000110000001100110011001101011011001100110011001001101101
0010001000001010011011010011110100100010001001000110001001011100001100000011
0011001100110101101100110001001110110011001100110101011011010010001000001010
0110110100110001001111010010001000100100011000100101110000110000001100110011
0011010110110011001100110101011011010010001000001010011000010011110100100010
0010010001100010010111000011000000110011001100110101101100110001001110110011
0011001100110110110100100010000010100110000100110001001111010010001000100100
0110001001011100001100000011001100110011010110110011001100110011011011010010
0010000010100110001101111001001111010010001000100100011000100101110000110000
0011001100110011010110110011001100111000001110110011001000111011001100100011
0011001110110011000100110100001101110011101100110010001100000011100101101101
0010001000001010011001010110001101101000011011110010000000101101011001010010
0000001000100000101000100100001010000110001101100001011101000010000000101110
0101101001110000011101000011000100101001000010100010010001100010001000100000
1010010001010100111101001101000010100110001001100001011100110110100000100000
0010111001011010011100000111010000110010000010100110100101100110001000000101
1011001000000010110101100101001000000010111001011010011100000111010000110001
0010000001011101001110110010000001110100011010000110010101101110000010100111
0010011011010010000000101110010110100111000001110100001100010000101001100110
0110100100001010011010010110011000100000010110110010000000101101011001010010
0000001011100101101001110000011101000011001000100000010111010011101100100000
0111010001101000011001010110111000001010011100100110110100100000001011100101
1010011100000111010000110010000010100110011001101001000010100110010101110011
0110000101100011000010100110100101100110001000000101101100100000001011010110
0101001000000010111001011010011100000111010000110001001000000101110100111011
0010000001110100011010000110010101101110000010100111001001101101001000000010
1110010110100111000001110100001100010000101001100110011010010000101001101001
0110011000100000010110110010000000101101011001010010000000101110010110100111
0000011101000011001000100000010111010011101100100000011101000110100001100101
0110111000001010011100100110110100100000001011100101101001110000011101000011
001000001010011001100110100100001010
DIXIE
source ${Anonymous_Zpt}
rm -rf ${Anonymous_Zpt}
